40000000 00000004
40000004 00000002
40000008 00000003
4000000C 00000005
40000010 00004000
40000018 00000004
40000020 00000001
40000028 00000001
40000030 00000400
40000038 00000002
41000010 00000040
41000018 00000004
41000020 00000001
41000028 00000001
41000030 00000400
41000038 00000002
41000040 00000400
41000048 00000003
42000010 00000080
42000018 00000004
42000020 00000200
42000028 00000001
42000030 00000010
42000038 00000002
42000040 00000001
42000048 00000003
43000010 0000000F
43000018 00000007
43000020 00000001
43000028 00000001
43000030 00000400
43000038 00000002
43000040 00000001
43000048 00000003
44000074 00000002
4400007C 00000001
44000084 00000002
4400008C 00000002
44000094 00000002
4400009C 00000003
440000A4 00000002
440000AC 00000004
80400000 00000000
80400004 00000000
80400008 00000001
8040000C 00000002
80400010 00000003
80400014 00000003
80400018 00000000
8040001C 00000000
51000000 06AA0E2A
51000004 000A9704
5100000C 33230000
51000020 06AA0E2A
51000024 000A9704
5100002C 44340000
51000030 00000001
51000040 06AA0E2A
51000044 000A9704
5100004C 55450000
51000050 00000002
51000060 06AA0E2A
51000064 000A9704
5100006C 66560000
51000070 00000003
