I 06aa0e2a 0009704 00000000 00000000 64 0 00000000 00000000 00000000 00000000 0
I 06aa0e2a 0109704 00000000 00000000 64 1 00000000 00000000 00000000 00000000 0
I 06aa0e2a 0209704 00000000 00000000 64 2 00000000 00000000 00000000 00000000 0
I 06aa0e2a 0309704 00000000 00000000 64 3 00000000 00000000 00000000 00000000 0
I 00000000 00000000 00000000 00000000 0 3 23333333 00000000 00000000 00000000 0
I 00490124 00004950 00000000 00000000 48 2 40020120 ff000001 00000000 02009724 2
D 4c010428 00009065 00000000 00000000 48 2
D 00490124 00004950 00000000 00000000 48 2
I c0c50124 0000fc0d 00000000 00000000 48 3 40020120 ff000001 00000000 02009724 2
I 00300626 000000c0 00000000 00000000 48 0 90180120 01001d11 00000000 63000000 2
D 14000e24 00000090 00000000 00000000 36 2
D 00300626 000000c0 00000000 00000000 48 2
D c0c50124 0000fc0d 00000000 00000000 48 2
I 700c0028 00009000 00000000 00000000 44 1 70040120 1a000000 00000000 01000000 2
I a80d0120 00005c50 00000000 00000000 48 3 40020120 ff000001 00000000 02009724 2
I 20230328 00000f42 00000000 00000000 48 3 18040120 00100000 00000000 00f00000 2
D 00300626 000000c0 00000000 00000000 48 2
D 700c0028 00009000 00000000 00000000 44 2
I 6a870924 00000020 00000000 00000000 39 3 40020120 ff000001 00000000 02009724 2
D a4780428 00000400 00000000 00000000 48 2
I 148d0924 00000013 00000000 00000000 40 1 40020120 ff000001 00000000 02009724 2
D 08010e24 0000a012 00000000 00000000 44 2
D 148d0924 00000013 00000000 00000000 40 2
D 50f70726 00000010 00000000 00000000 40 2
I 90fb0726 0000ff0f 00000000 00000000 48 0 980d0120 00000000 00000000 19000000 2
D 00490124 00004950 00000000 00000000 48 2
I 007f0524 00000083 00000000 00000000 43 0 80820024 00000000 00000000 24000000 2
D 00300626 000000c0 00000000 00000000 48 2
D 007f0524 00000083 00000000 00000000 43 2
I d80c0120 00008047 00000000 00000000 48 3 40020120 ff000001 00000000 02009724 2
I 00e8042a 00001950 00000000 00000000 48 2 70040120 1a000000 00000000 01000000 2
D a80d0120 00005c50 00000000 00000000 48 2
I 086c0026 00002506 00000000 00000000 48 2 70040120 1a000000 00000000 01000000 2
I c0070724 00000801 00000000 00000000 48 2 70040120 1a000000 00000000 01000000 2
I 80e9022a 0000f800 00000000 00000000 48 3 18040120 00100000 00000000 00f00000 2
I a0ba012a 00000001 00000000 00000000 40 2 68060120 04000000 00000000 02000000 2
D 00e8042a 00001950 00000000 00000000 48 2
I a6fd0226 00000203 00000000 00000000 48 2 40020120 ff000001 00000000 02009724 2
I 6a8a0924 00000006 00000000 00000000 39 3 40020120 ff000001 00000000 02009724 2
I 4056032a 00002ef0 00000000 00000000 48 0 40020120 ff000001 00000000 02009724 2
I 2058022a 00000000 00000000 00000000 32 3 70040120 1a000000 00000000 01000000 2
Q 6a870924 00005620 00000000 00000000
Q 80e9022a 0017f800 00000000 00000000
Q 6a8a0924 00006006 00000000 00000000
Q 6a8a0924 00001e06 00000000 00000000
Q 008a0324 00000000 00000000 00000000
Q 4d010428 0000848e 00000000 00000000
Q 148d0924 0000b013 00000000 00000000
Q 148d0924 00007a13 00000000 00000000
Q 6a8a0924 0000b606 00000000 00000000
Q 80e9022a 0013f800 00000000 00000000
Q c0c50124 00cffc0d 00000000 00000000
Q 148d0924 00001b13 00000000 00000000
Q 00e8042a 00901950 00000000 00000000
Q 90fb0726 0022ff0f 00000000 00000000
Q 80e9022a 009ff800 00000000 00000000
Q 007f0524 00c00083 00000000 00000000
Q 00810224 00009828 00000000 00000000
Q 00e8042a 00a21950 00000000 00000000
Q 5a840824 00002000 00000000 00000000
Q 00490124 00914950 00000000 00000000
