40000000 00000004
40000008 00000003
40000010 0000480C
40000018 0000001B
40000030 00000511
40000038 0000000C
40000040 00000010
40000048 0000000D
40000070 00000002
40000078 00000022
400000B0 00004420
400000B8 00000034
400000C0 00000001
400000C8 00000007
400000D0 00000001
400000D8 0000000B
400000E0 00000001
400000E8 00000004
400000F0 00000001
400000F8 00000001
41000010 00000040
41000018 00000004
41000020 00000001
41000028 00000001
41000030 00000400
41000038 00000002
41000050 00000001
41000058 00000007
41000060 00000002
41000068 00000005
41000070 00000001
41000078 00000006
410000A0 00000010
410000A8 00000008
410000B0 00001000
410000B8 0000000A
410000D0 000000D0
410000D8 00000025
410000E0 00000010
410000E8 00000009
410000F0 00004000
410000F8 0000000E
41000120 00000001
41000128 0000000D
41000130 00000010
41000138 00000012
41000140 00000040
41000148 00000013
4100018C 0000000A
41000190 00000001
41000198 00000018
410001A0 00000001
410001A8 00000019
410001B0 00000004
410001B8 00000007
410001C0 00000020
410001C8 00000014
410001D0 00002000
410001D8 0000001A
410001E0 00000400
410001E8 00000003
410001F0 00000004
410001F8 00000011
41000200 00002000
41000208 0000001F
41000210 00000008
41000218 00000020
41000220 00000002
41000228 00000021
41000230 00001000
41000238 00000012
41000240 00000400
41000248 00000023
41000250 00000020
41000258 00000024
41000260 00000010
41000268 0000000B
41000270 00000001
41000278 0000000F
41000280 00000800
41000288 00000016
41000290 00000040
41000298 00000028
410002A0 00000200
410002A8 00000029
410002C0 00008000
410002C8 00000017
410002D0 00000080
410002D8 0000002C
410002E0 00004000
410002E8 0000002D
41000310 00000001
41000318 0000001B
41000320 00000001
41000328 00000031
41000330 00000040
41000338 00000032
41000340 00008000
41000348 00000033
41000350 00000400
41000358 0000002E
41000360 00000001
41000368 0000002A
42000010 00000080
42000018 00000004
42000020 00000200
42000028 00000001
42000030 00000010
42000038 00000002
42000040 00000001
42000048 00000003
4200005C 00000006
42000060 00000010
42000068 00000005
42000070 00000004
42000078 00000006
4200008C 00000007
42000094 00000002
4200009C 00000007
420000A0 00000020
420000A8 00000005
420000B0 00000002
420000B8 0000000A
420000C0 00000002
420000C8 0000000B
420000D0 00008000
420000D8 0000000C
420000E0 00000002
420000E8 00000006
420000F0 00000002
420000F8 0000000E
42000100 00000100
42000108 0000000F
42000110 00000004
42000118 00000010
42000124 00000040
4200012C 0000000B
42000130 00000004
42000138 00000007
42000140 00000004
42000148 00000013
42000150 00000001
42000158 00000014
42000160 00000040
42000168 00000015
42000174 00000002
4200017C 0000000D
42000180 00001000
42000188 00000008
42000190 00000001
42000198 00000018
420001A0 00000001
420001A8 00000019
420001B0 00000001
420001B8 0000001A
43000010 0000000F
43000018 00000007
43000020 00000001
43000028 00000001
43000030 00000400
43000038 00000002
43000040 00000001
43000048 00000003
43000054 00000002
4300005C 00000008
4300006C 0000000B
43000074 00000002
4300007C 0000000C
43000084 00000002
4300008C 0000000E
44000074 00000002
4400007C 00000001
44000084 00000002
4400008C 00000002
44000094 00000002
4400009C 00000003
440000A4 00000002
440000AC 00000004
50000008 00000001
5000000C 00000002
50000010 00000003
5000001C 00000006
50000020 00000004
5000002C 00000006
50000030 00000004
50000034 00000007
50000038 00000004
51000000 06AA0E2A
51000004 000A9704
5100000C 33230000
51000020 06AA0E2A
51000024 010A9704
5100002C 44340000
51000030 00000001
51000040 06AA0E2A
51000044 020A9704
5100004C 55450000
51000050 00000002
51000060 06AA0E2A
51000064 030A9704
5100006C 66560000
51000070 00000003
51000080 40020120
51000084 FF000001
5100008C 02009724
51000090 00000001
51000094 00000002
510000A0 70040120
510000A4 1A000000
510000AC 01000000
510000B0 00000003
510000B4 00000002
510000C0 18040120
510000C4 00100000
510000CC 00F00000
510000D0 00000002
510000D4 00000002
510000E0 00020120
510000E4 00000109
510000EC 05000000
510000F0 00000001
510000F4 00000002
