40020120 ff000001 00000000 02009724 3 2
18040120 00100000 00000000 00f00000 3 2
40020120 ff000001 00000000 02009724 3 2
40020120 ff000001 00000000 02009724 3 2
23333333 00000000 00000000 00000000 3 0
23333333 00000000 00000000 00000000 3 0
23333333 00000000 00000000 00000000 3 0
23333333 00000000 00000000 00000000 3 0
40020120 ff000001 00000000 02009724 3 2
18040120 00100000 00000000 00f00000 3 2
23333333 00000000 00000000 00000000 3 0
23333333 00000000 00000000 00000000 3 0
23333333 00000000 00000000 00000000 3 0
980d0120 00000000 00000000 19000000 0 2
18040120 00100000 00000000 00f00000 3 2
23333333 00000000 00000000 00000000 3 0
23333333 00000000 00000000 00000000 3 0
23333333 00000000 00000000 00000000 3 0
23333333 00000000 00000000 00000000 3 0
23333333 00000000 00000000 00000000 3 0
