40000010 00000400
40000018 00000002
40000020 00000001
40000028 00000003
40000030 00004000
40000038 00000001
41000010 00000400
41000018 00000002
41000020 00000400
41000028 00000003
41000030 00000001
41000038 00000004
41000040 00000040
41000048 00000001
42000010 00000001
42000018 00000002
42000020 00000010
42000028 00000003
42000030 00000200
42000038 00000004
42000040 00000080
42000048 00000001
43000010 00000001
43000018 00000002
43000020 00000400
43000028 00000003
43000030 00000001
43000038 00000004
43000040 0000000F
43000048 0000000A
440000A4 00000002
440000AC 00000001
440000B4 00000002
440000BC 00000002
440000C4 00000002
440000CC 00000003
440000D4 00000002
440000DC 00000004
50000008 00000001
5000000C 00000002
50000010 00000003
51000000 06AA0E2A
51000004 000A9704
5100000C 33230000
51000020 06AA0E2A
51000024 010A9704
5100002C 44340000
51000030 00000001
51000040 06AA0E2A
51000044 020A9704
5100004C 55450000
51000050 00000002
51000060 06AA0E2A
51000064 030A9704
5100006C 66560000
51000070 00000003
