int node_blk_cnt[8][17] = {
	{1022 ,12   ,8    ,6    ,6    ,6    ,6    ,6    ,5    ,5    ,5    ,5    ,5    ,5    ,5    ,5    ,24   },
	{8189 ,1681 ,332  ,203  ,156  ,131  ,97   ,75   ,43   ,34   ,23   ,21   ,17   ,18   ,19   ,22   ,44   },
	{16370,7523 ,1133 ,447  ,218  ,128  ,86   ,57   ,51   ,41   ,34   ,29   ,20   ,18   ,15   ,11   ,33   },
	{1016 ,5    ,5    ,5    ,5    ,5    ,5    ,5    ,5    ,5    ,5    ,5    ,5    ,5    ,5    ,5    ,26   },
	{1016 ,5    ,5    ,5    ,5    ,5    ,5    ,5    ,5    ,5    ,5    ,5    ,5    ,5    ,5    ,5    ,26   },
	{1016 ,5    ,5    ,5    ,5    ,5    ,5    ,5    ,5    ,5    ,5    ,5    ,5    ,5    ,5    ,5    ,26   },
	{1016 ,5    ,5    ,5    ,5    ,5    ,5    ,5    ,5    ,5    ,5    ,5    ,5    ,5    ,5    ,5    ,26   },
	{1016 ,5    ,5    ,5    ,5    ,5    ,5    ,5    ,5    ,5    ,5    ,5    ,5    ,5    ,5    ,5    ,26   }};
int leaf_blk_cnt[17] = 
	{12284,7326 ,1057 ,232  ,54   ,17   ,11   ,11   ,10   ,10   ,10   ,10   ,10   ,10   ,10   ,10   ,49   };
#ifndef USE_BRAM
TrieNode node_pool[30661];
extern TrieNode *_nodes[8];
#endif
int blk_pool[22216];